
Model


Linear regression:

Scores:  [4.20871716 4.48410772 4.95812779 6.34422858 5.28053117]
mean:  5.055142482431049
std:  0.7435686099763834


Decison tree reg:


Scores:  [4.98392478 4.35301797 5.37211594 5.82561394 3.44376248]
mean:  4.7956870195068095
std:  0.8309162493314478



random forest regressor:


Scores:  [2.76804151 3.57280393 3.01344879 3.81652056 2.93518424]
mean:  3.221199806796914
std:  0.4020821039706935






